1716888966868 0.5104488134384155 0
1716888967208 0.5337444543838501 1
1716888967552 0.5323740839958191 2
1716888967893 0.5484755039215088 3
1716888968264 0.5525864958763123 4
1716888968683 0.5638917684555054 5
1716888969151 0.5536142587661743 6
1716888969599 0.5652620792388916 7
1716888970047 0.5662898421287537 8
1716888970438 0.5666323900222778 9
1716888970785 0.5724563002586365 10
1716888971174 0.5902706384658813 11
1716888971612 0.5919835567474365 12
1716888972074 0.5933538675308228 13
1716888972602 0.5974648594856262 14
1716888973099 0.6043165326118469 15
1716888973536 0.597122311592102 16
1716888973931 0.6084275245666504 17
1716888974363 0.5988352298736572 18
1716888974886 0.6008906960487366 19
1716888975379 0.5991777777671814 20
1716888975799 0.6015759110450745 21
1716888976301 0.6012333035469055 22
1716888976778 0.60500168800354 23
1716888977297 0.606372058391571 24
1716888977741 0.60500168800354 25
1716888978145 0.6056869029998779 26
1716888978550 0.6073998212814331 27
1716888979078 0.6084275245666504 28
1716888979544 0.6043165326118469 29
1716888979917 0.6019184589385986 30
1716888980312 0.6029462218284607 31
1716888980691 0.6019184589385986 32
1716888981093 0.6077423691749573 33
1716888981485 0.6046591401100159 34
1716888981974 0.6019184589385986 35
1716888982476 0.6046591401100159 36
1716888982928 0.6002055406570435 37
1716888983471 0.606372058391571 38
1716888983894 0.6084275245666504 39
1716888984319 0.6060294508934021 40
1716888984878 0.6026036143302917 41
1716888985286 0.6039739847183228 42
1716888985659 0.6022610664367676 43
1716888986034 0.60500168800354 44
1716888986447 0.6067146062850952 45
1716888986817 0.6087701320648193 46
1716888987217 0.6029462218284607 47
1716888987609 0.6022610664367676 48
1716888988016 0.6104830503463745 49
1716888988418 0.6026036143302917 50
1716888988846 0.6043165326118469 51
1716888989315 0.6046591401100159 52
1716888989681 0.6036313772201538 53
1716888990086 0.606372058391571 54
1716888990489 0.6032887697219849 55
1716888990902 0.6036313772201538 56
1716888991311 0.6073998212814331 57
1716888991694 0.5991777777671814 58
1716888992111 0.6029462218284607 59
1716888992511 0.6043165326118469 60
1716888992904 0.6039739847183228 61
1716888993328 0.6043165326118469 62
1716888993718 0.6046591401100159 63
1716888994111 0.6032887697219849 64
1716888994517 0.6032887697219849 65
1716888994929 0.6022610664367676 66
1716888995323 0.6097978949546814 67
1716888995847 0.6039739847183228 68
1716888996365 0.60500168800354 69
1716888996943 0.6002055406570435 70
1716888997369 0.5991777777671814 71
1716888997924 0.6043165326118469 72
1716888998483 0.6067146062850952 73
1716888998996 0.6043165326118469 74
1716888999479 0.6067146062850952 75
1716888999893 0.6036313772201538 76
1716889000368 0.6036313772201538 77
1716889000862 0.6077423691749573 78
1716889001308 0.5998629927635193 79
1716889001755 0.6104830503463745 80
1716889002191 0.5995203852653503 81
1716889002664 0.6015759110450745 82
1716889003177 0.6012333035469055 83
1716889003654 0.6026036143302917 84
1716889004238 0.6002055406570435 85
1716889004735 0.6019184589385986 86
1716889005231 0.6005481481552124 87
1716889005687 0.6032887697219849 88
1716889006149 0.6026036143302917 89
1716889006635 0.6046591401100159 90
1716889007182 0.6056869029998779 91
1716889007942 0.5998629927635193 92
1716889008688 0.6060294508934021 93
1716889009280 0.6012333035469055 94
1716889009828 0.6012333035469055 95
1716889010363 0.6046591401100159 96
1716889010801 0.6015759110450745 97
1716889011262 0.6067146062850952 98
1716889011691 0.6012333035469055 99
1716889012129 0.6067146062850952 100
1716889012578 0.606372058391571 101
1716889012988 0.5984926223754883 102
1716889013420 0.6019184589385986 103
1716889013849 0.6029462218284607 104
1716889014278 0.6111682057380676 105
1716889014707 0.6039739847183228 106
1716889015125 0.6043165326118469 107
1716889015514 0.6087701320648193 108
1716889015908 0.60500168800354 109
1716889016308 0.6039739847183228 110
1716889016732 0.6073998212814331 111
1716889017201 0.6012333035469055 112
1716889017619 0.6029462218284607 113
1716889018026 0.605344295501709 114
1716889018470 0.6043165326118469 115
1716889018907 0.6046591401100159 116
1716889019356 0.6029462218284607 117
1716889019811 0.6067146062850952 118
1716889020253 0.6029462218284607 119
1716889020696 0.6032887697219849 120
1716889021140 0.6032887697219849 121
1716889021589 0.6005481481552124 122
1716889022065 0.6032887697219849 123
1716889022505 0.6015759110450745 124
1716889022940 0.5991777777671814 125
1716889023447 0.5998629927635193 126
1716889023910 0.6060294508934021 127
1716889024363 0.6039739847183228 128
1716889024783 0.6043165326118469 129
1716889025205 0.6043165326118469 130
1716889025624 0.6046591401100159 131
1716889026058 0.6043165326118469 132
1716889026528 0.6043165326118469 133
1716889027005 0.6046591401100159 134
1716889027494 0.6032887697219849 135
1716889027996 0.6046591401100159 136
1716889028461 0.6070572137832642 137
1716889028967 0.6056869029998779 138
1716889035348 0.6087701320648193 139
