1716888966868 0.6929484009742737 0
1716888967208 0.6917128562927246 1
1716888967552 0.6911425590515137 2
1716888967893 0.6901536583900452 3
1716888968264 0.6883288621902466 4
1716888968683 0.6857532858848572 5
1716888969151 0.6841864585876465 6
1716888969599 0.6809428930282593 7
1716888970047 0.6785581111907959 8
1716888970438 0.6766471862792969 9
1716888970785 0.6745516061782837 10
1716888971174 0.6724340915679932 11
1716888971612 0.6718689203262329 12
1716888972074 0.6696536540985107 13
1716888972602 0.6691633462905884 14
1716888973099 0.6689041256904602 15
1716888973536 0.6678622961044312 16
1716888973931 0.6669698357582092 17
1716888974363 0.6665425896644592 18
1716888974886 0.6663559675216675 19
1716888975379 0.6658103466033936 20
1716888975799 0.6659453511238098 21
1716888976301 0.6654483675956726 22
1716888976778 0.664422869682312 23
1716888977297 0.664618194103241 24
1716888977741 0.6642448902130127 25
1716888978145 0.6639212965965271 26
1716888978550 0.6632510423660278 27
1716888979078 0.6639012694358826 28
1716888979544 0.6629473567008972 29
1716888979917 0.6637710928916931 30
1716888980312 0.6633884310722351 31
1716888980691 0.6631008386611938 32
1716888981093 0.6627862453460693 33
1716888981485 0.6629694104194641 34
1716888981974 0.6626205444335938 35
1716888982476 0.6624680757522583 36
1716888982928 0.6621757745742798 37
1716888983471 0.6620599031448364 38
1716888983894 0.6622765064239502 39
1716888984319 0.6620419025421143 40
1716888984878 0.6625963449478149 41
1716888985286 0.6618456840515137 42
1716888985659 0.6621835827827454 43
1716888986034 0.6619094610214233 44
1716888986447 0.6610265970230103 45
1716888986817 0.6610915064811707 46
1716888987217 0.6615545153617859 47
1716888987609 0.6615583300590515 48
1716888988016 0.6614612340927124 49
1716888988418 0.6615180373191833 50
1716888988846 0.66231369972229 51
1716888989315 0.6616156101226807 52
1716888989681 0.661049485206604 53
1716888990086 0.6620372533798218 54
1716888990489 0.6612998247146606 55
1716888990902 0.6614226698875427 56
1716888991311 0.6616917848587036 57
1716888991694 0.6604095101356506 58
1716888992111 0.6613327264785767 59
1716888992511 0.6611655950546265 60
1716888992904 0.6612297892570496 61
1716888993328 0.6614491939544678 62
1716888993718 0.6611616015434265 63
1716888994111 0.6610627770423889 64
1716888994517 0.6614764332771301 65
1716888994929 0.6613525748252869 66
1716888995323 0.6611487865447998 67
1716888995847 0.6609833240509033 68
1716888996365 0.660961925983429 69
1716888996943 0.6610472798347473 70
1716888997369 0.6610630750656128 71
1716888997924 0.6610746383666992 72
1716888998483 0.6612291932106018 73
1716888998996 0.6610229015350342 74
1716888999479 0.6611608862876892 75
1716888999893 0.6617541909217834 76
1716889000368 0.6612040400505066 77
1716889000862 0.6612609624862671 78
1716889001308 0.6614804267883301 79
1716889001755 0.660187304019928 80
1716889002191 0.6614195108413696 81
1716889002664 0.660880446434021 82
1716889003177 0.6609258651733398 83
1716889003654 0.6601583957672119 84
1716889004238 0.6612703204154968 85
1716889004735 0.6611535549163818 86
1716889005231 0.6614813804626465 87
1716889005687 0.6607736349105835 88
1716889006149 0.6612950563430786 89
1716889006635 0.6606758236885071 90
1716889007182 0.6603966355323792 91
1716889007942 0.6617910265922546 92
1716889008688 0.6611307859420776 93
1716889009280 0.6609373092651367 94
1716889009828 0.6607879996299744 95
1716889010363 0.6610323786735535 96
1716889010801 0.660731315612793 97
1716889011262 0.6607239842414856 98
1716889011691 0.6611467003822327 99
1716889012129 0.660735547542572 100
1716889012578 0.6607373356819153 101
1716889012988 0.6614654660224915 102
1716889013420 0.6608505845069885 103
1716889013849 0.6607298254966736 104
1716889014278 0.6607978343963623 105
1716889014707 0.6607009172439575 106
1716889015125 0.6605228185653687 107
1716889015514 0.65937739610672 108
1716889015908 0.6608754396438599 109
1716889016308 0.6604267954826355 110
1716889016732 0.6610679030418396 111
1716889017201 0.6610561609268188 112
1716889017619 0.6606498956680298 113
1716889018026 0.6605497598648071 114
1716889018470 0.6609082818031311 115
1716889018907 0.6601819396018982 116
1716889019356 0.6609780788421631 117
1716889019811 0.6608622074127197 118
1716889020253 0.6610859632492065 119
1716889020696 0.6609544157981873 120
1716889021140 0.6609637141227722 121
1716889021589 0.6608538031578064 122
1716889022065 0.6607661247253418 123
1716889022505 0.6609102487564087 124
1716889022940 0.6606783866882324 125
1716889023447 0.6608403325080872 126
1716889023910 0.6607818007469177 127
1716889024363 0.6610828638076782 128
1716889024783 0.6605938076972961 129
1716889025205 0.661189079284668 130
1716889025624 0.6607967615127563 131
1716889026058 0.6604794859886169 132
1716889026528 0.6605072617530823 133
1716889027005 0.661358654499054 134
1716889027494 0.6602868437767029 135
1716889027996 0.6607219576835632 136
1716889028461 0.6614260077476501 137
1716889028967 0.6608355641365051 138
1716889035348 0.65937739610672 139
